{
  "schema_version": "default_cma.v1",
  "source_note": "Default CMA assumptions (5y returns and standard deviations)",
  "starting_price": 100.0,
  "default_periods": 15,
  "default_percentile": 30,
  "funds": [
    {
      "id": "sh_builders",
      "name": "SH Builders",
      "expected_return": 0.0731,
      "volatility": 0.13312,
      "optimizer_eligible": true,
      "is_whole_portfolio": true
    },
    {
      "id": "sh_equity",
      "name": "SH Equity",
      "expected_return": 0.0708,
      "volatility": 0.11058,
      "optimizer_eligible": true,
      "is_whole_portfolio": false
    },
    {
      "id": "sh_founders",
      "name": "SH Founders",
      "expected_return": 0.0597,
      "volatility": 0.07434,
      "optimizer_eligible": true,
      "is_whole_portfolio": true
    },
    {
      "id": "sh_global_equity",
      "name": "SH Global Equity",
      "expected_return": 0.0725,
      "volatility": 0.13708,
      "optimizer_eligible": true,
      "is_whole_portfolio": false
    },
    {
      "id": "sh_global_small_cap_eq",
      "name": "SH Global Small-Cap Eq",
      "expected_return": 0.0758,
      "volatility": 0.15033,
      "optimizer_eligible": true,
      "is_whole_portfolio": false
    },
    {
      "id": "sh_income",
      "name": "SH Income",
      "expected_return": 0.0508,
      "volatility": 0.05464,
      "optimizer_eligible": true,
      "is_whole_portfolio": false
    },
    {
      "id": "sh_savings",
      "name": "SH Savings",
      "expected_return": 0.03,
      "volatility": 0.00396,
      "optimizer_eligible": true,
      "is_whole_portfolio": false
    },
    {
      "id": "sh_small_cap_equity",
      "name": "SH Small Cap Equity",
      "expected_return": 0.0692,
      "volatility": 0.16202,
      "optimizer_eligible": true,
      "is_whole_portfolio": false
    }
  ],
  "correlation_matrix": [
    [1.0, 0.822, 0.969, 0.905, 0.912, 0.688, 0.026, 0.801],
    [0.822, 1.0, 0.825, 0.604, 0.634, 0.613, 0.07, 0.542],
    [0.969, 0.825, 1.0, 0.881, 0.85, 0.838, 0.053, 0.763],
    [0.905, 0.604, 0.881, 1.0, 0.848, 0.592, 0.014, 0.612],
    [0.912, 0.634, 0.85, 0.848, 1.0, 0.55, -0.016, 0.709],
    [0.688, 0.613, 0.838, 0.592, 0.55, 1.0, 0.096, 0.602],
    [0.026, 0.07, 0.053, 0.014, -0.016, 0.096, 1.0, 0.007],
    [0.801, 0.542, 0.763, 0.612, 0.709, 0.602, 0.007, 1.0]
  ],
  "current_weights": [0.125, 0.125, 0.125, 0.125, 0.125, 0.125, 0.125, 0.125],
  "plug_index": 5
}
